Os apartamentos estão localizados do 3º pavimento ao 32º pavimento, num total de 882 unidades autônomas, sendo:
3º pavimento: apartamentos nº 301, 302, 303, 304, 305, 306, 307, 308, 309, 310, 311, 312, 313, 314, 315, 316, 317, 318, 319, 320, 321, 322, 323, 324, 325, 326, 327, 328, 329, 330, 331, 332, 333, 334, 335, 336, 337 e 338;
4º pavimento: apartamentos nº 401, 402, 403, 404, 405, 406, 407, 408, 409, 410, 411, 412, 413, 414, 415, 416, 417, 418, 419, 420, 421, 422, 423, 424, 425, 426, 427, 428, 429, 430, 431, 432, 433, 434, 435, 436, 437 e 438;
5º pavimento: apartamentos nº 501, 502, 503, 504, 505, 506, 507, 508, 509, 510, 511, 512, 513, 514, 515, 516, 517, 518, 519, 520, 521, 522, 523, 524, 525, 526, 527, 528, 529, 530, 531, 532, 533, 534, 535, 536, 537 e 538;
6º pavimento: apartamentos nº 601, 602, 603, 604, 605, 606, 607, 608, 609, 611, 612, 613, 614, 615, 616, 617, 618, 619, 620, 621, 622, 623, 624, 625, 626, 627, 628, 630, 631, 632, 633, 634, 635, 636, 637 e 638;
7º pavimento: apartamentos nº 701, 702, 703, 704, 705, 706, 707, 708, 709, 711, 712, 713, 714, 715, 716, 717, 718, 719, 720, 721, 722, 723, 724, 725, 726, 727, 728, 730, 731, 732, 733, 734, 735, 736, 737 e 738;
8º pavimento: apartamentos nº 801, 802, 803, 804, 805, 806, 807, 808, 809, 811, 812, 813, 814, 815, 816, 817, 818, 819, 820, 821, 822, 823, 824, 825, 826, 827, 828, 830, 831, 832, 833, 834, 835, 836, 837 e 838;
9º pavimento: apartamentos nº 901, 902, 903, 904, 905, 906, 907, 908, 909, 911, 912, 913, 914, 915, 916, 917, 918, 919, 920, 921, 922, 923, 924, 925, 926, 927, 928, 930, 931, 932, 933, 934, 935, 936, 937 e 938;
10º pavimento: apartamentos nº 1001, 1002, 1003, 1004, 1005, 1006, 1007, 1008, 1009, 1011, 1012, 1013, 1014, 1015, 1016, 1017, 1018, 1019, 1020, 1021, 1022, 1023, 1024, 1025, 1026, 1027, 1028, 1030, 1031, 1032, 1033, 1034, 1035, 1036, 1037 e 1038;
11º pavimento: apartamentos nº 1101, 1102, 1103, 1104, 1105, 1106, 1107, 1108, 1109, 1111, 1112, 1113, 1114, 1115, 1116, 1117, 1118, 1119, 1120, 1121, 1122, 1123, 1124, 1125, 1126, 1127, 1128, 1130, 1131, 1132, 1133, 1134, 1135, 1136, 1137 e 1138;
12º pavimento: apartamentos nº 1201, 1202, 1203, 1204, 1205, 1206, 1207, 1208, 1209, 1211, 1212, 1213, 1214, 1215, 1216, 1217, 1218, 1219, 1220, 1221, 1222, 1223, 1224, 1225, 1226, 1227, 1228, 1230, 1231, 1232, 1233, 1234, 1235, 1236, 1237 e 1238;
13º pavimento: apartamentos nº 1301, 1302, 1303, 1304, 1305, 1306, 1307, 1308, 1309, 1311, 1312, 1313, 1314, 1315, 1316, 1317, 1318, 1319, 1320, 1321, 1322, 1323, 1324, 1325, 1326, 1327, 1328, 1330, 1331, 1332, 1333, 1334, 1335, 1336, 1337 e 1338;
14º pavimento: apartamentos nº 1401, 1402, 1403, 1404, 1405, 1406, 1407, 1408, 1409, 1411, 1412, 1413, 1414, 1415, 1416, 1417, 1418, 1419, 1420, 1421, 1422, 1423, 1424, 1425, 1426, 1427, 1428, 1430, 1431, 1432, 1433, 1434, 1435, 1436, 1437 e 1438;
15º pavimento: apartamentos nº 1501, 1502, 1503, 1504, 1505, 1506, 1507, 1508, 1509, 1510, 1511, 1512, 1513, 1514, 1515, 1516, 1517, 1518, 1519, 1520, 1521, 1522, 1523, 1524, 1525, 1526, 1527, 1528, 1529, 1530, 1531, 1532, 1533, 1534, 1535, 1536, 1537 e 1538;
16º pavimento: apartamentos nº 1601, 1602, 1603, 1604, 1605, 1606, 1607, 1608, 1609, 1610, 1611, 1612, 1613, 1614, 1615, 1616, 1617, 1618, 1619, 1620, 1621, 1622, 1623, 1624, 1625, 1626, 1627, 1628, 1629, 1630, 1631, 1632, 1633, 1634, 1635, 1636, 1637 e 1638;
17º pavimento: apartamentos nº 1701, 1702, 1703, 1704, 1705, 1706, 1707, 1708, 1709, 1711, 1712, 1713, 1714, 1715, 1716, 1717, 1718, 1719, 1720, 1721, 1722, 1723, 1724, 1725, 1726, 1727, 1728, 1730, 1731, 1732, 1733, 1734, 1735, 1736, 1737 e 1738;
18º pavimento: apartamentos nº 1801, 1803, 1806, 1807, 1808, 1809, 1811, 1812, 1813, 1814, 1816, 1819, 1820, 1822, 1825, 1826, 1827, 1828, 1830, 1831, 1832, 1833, 1835 e 1838;
19º pavimento: apartamentos nº 1901, 1903, 1906, 1907, 1908, 1909, 1911, 1912, 1913, 1914, 1916, 1919, 1920, 1922, 1925, 1926, 1927, 1928, 1930, 1931, 1932, 1933, 1935 e 1938;
20º pavimento: apartamentos nº 2001, 2003, 2006, 2007, 2008, 2009, 2011, 2012, 2013, 2014, 2016, 2019, 2020, 2022, 2025, 2026, 2027, 2028, 2030, 2031, 2032, 2033, 2035 e 2038;
21º pavimento: apartamentos nº 2101, 2103, 2106, 2107, 2108, 2109, 2111, 2112, 2113, 2114, 2116, 2119, 2120, 2122, 2125, 2126, 2127, 2128, 2130, 2131, 2132, 2133, 2135 e 2138;
22º pavimento: apartamentos nº 2201, 2203, 2206, 2207, 2208, 2209, 2211, 2212, 2213, 2214, 2216, 2219, 2220, 2222, 2225, 2226, 2227, 2228, 2230, 2231, 2232, 2233, 2235 e 2238;
23º pavimento: apartamentos nº 2301, 2303, 2306, 2307, 2308, 2309, 2311, 2312, 2313, 2314, 2316, 2319, 2320, 2322, 2325, 2326, 2327, 2328, 2330, 2331, 2332, 2333, 2335 e 2338;
24º pavimento: apartamentos nº 2401, 2403, 2406, 2407, 2408, 2409, 2411, 2412, 2413, 2414, 2416, 2419, 2420, 2422, 2425, 2426, 2427, 2428, 2430, 2431, 2432, 2433, 2435 e 2438;
25º pavimento: apartamentos nº 2501, 2503, 2506, 2507, 2508, 2509, 2511, 2512, 2513, 2514, 2516, 2519, 2520, 2522, 2525, 2526, 2527, 2528, 2530, 2531, 2532, 2533, 2535 e 2538;
26º pavimento: apartamentos nº 2601, 2603, 2606, 2607, 2609, 2611, 2613, 2614, 2616, 2619, 2620, 2622, 2625, 2626, 2628, 2630, 2632, 2633, 2635 e 2638;
27º pavimento: apartamentos nº 2701, 2703, 2706, 2707, 2709, 2711, 2713, 2714, 2716, 2719, 2720, 2722, 2725, 2726, 2728, 2730, 2732, 2733, 2735 e 2738;
28º pavimento: apartamentos nº 2801, 2803, 2806, 2807, 2809, 2811, 2813, 2814, 2816, 2819, 2820, 2822, 2825, 2826, 2828, 2830, 2832, 2833, 2835 e 2838;
29º pavimento: apartamentos nº 2901, 2903, 2906, 2907, 2909, 2911, 2913, 2914, 2916, 2919, 2920, 2922, 2925, 2926, 2928, 2930, 2932, 2933, 2935 e 2938;
30º pavimento: apartamentos nº 3001, 3003, 3006, 3007, 3009, 3011, 3013, 3014, 3016, 3019, 3020, 3022, 3025, 3026, 3028, 3030, 3032, 3033, 3035 e 3038;
31º pavimento: apartamentos nº 3101, 3103, 3106, 3107, 3109, 3111, 3113, 3114, 3116, 3119, 3120, 3122, 3125, 3126, 3128, 3130, 3132, 3133, 3135 e 3138;
32º pavimento: apartamentos nº 3201, 3203, 3206, 3207, 3209, 3211, 3213, 3214, 3216, 3219, 3220, 3222, 3225, 3226, 3228, 3230, 3232, 3233, 3235 e 3238;
