As kitinetes estão localizadas do 3º pavimento ao 25º pavimento, num total de 574 unidades autônomas, sendo:
3º pavimento: kitinetes nº 301, 302, 303, 304, 305, 306, 307, 308, 309, 310, 311, 312, 313, 314, 315, 316, 317, 318, 319, 320, 321, 322, 323, 324, 325, 326, 327, 328, 329, 330, 331, 332, 333, 334, 335, 336, 337 e 338;
4º pavimento: kitinetes nº 401, 402, 403, 404, 405, 406, 407, 408, 409, 410, 411, 412, 413, 414, 415, 416, 417, 418, 419, 420, 421, 422, 423, 424, 425, 426, 427, 428, 429, 430, 431, 432, 433, 434, 435, 436, 437 e 438;
5º pavimento: kitinetes nº 501, 502, 503, 504, 505, 506, 507, 508, 509, 510, 511, 512, 513, 514, 515, 516, 517, 518, 519, 520, 521, 522, 523, 524, 525, 526, 527, 528, 529, 530, 531, 532, 533, 534, 535, 536, 537 e 538;
6º pavimento: kitinetes nº 601, 602, 603, 604, 605, 606, 607, 608, 612, 613, 614, 615, 616, 617, 618, 619, 620, 621, 622, 623, 624, 625, 626, 627, 631, 632, 633, 634, 635, 636, 637 e 638;
7º pavimento: kitinetes nº 701, 702, 703, 704, 705, 706, 707, 708, 712, 713, 714, 715, 716, 717, 718, 719, 720, 721, 722, 723, 724, 725, 726, 727, 731, 732, 733, 734, 735, 736, 737 e 738;
8º pavimento: kitinetes nº 801, 802, 803, 804, 805, 806, 807, 808, 812, 813, 814, 815, 816, 817, 818, 819, 820, 821, 822, 823, 824, 825, 826, 827, 831, 832, 833, 834, 835, 836, 837 e 838;
9º pavimento: kitinetes nº 901, 902, 903, 904, 905, 906, 907, 908, 912, 913, 914, 915, 916, 917, 918, 919, 920, 921, 922, 923, 924, 925, 926, 927, 931, 932, 933, 934, 935, 936, 937 e 938;
10º pavimento: kitinetes nº 1001, 1002, 1003, 1004, 1005, 1006, 1007, 1008, 1012, 1013, 1014, 1015, 1016, 1017, 1018, 1019, 1020, 1021, 1022, 1023, 1024, 1025, 1026, 1027, 1031, 1032, 1033, 1034, 1035, 1036, 1037 e 1038;
11º pavimento: kitinetes nº 1101, 1102, 1103, 1104, 1105, 1106, 1107, 1108, 1112, 1113, 1114, 1115, 1116, 1117, 1118, 1119, 1120, 1121, 1122, 1123, 1124, 1125, 1126, 1127, 1131, 1132, 1133, 1134, 1135, 1136, 1137 e 1138;
12º pavimento: kitinetes nº 1201, 1202, 1203, 1204, 1205, 1206, 1207, 1208, 1212, 1213, 1214, 1215, 1216, 1217, 1218, 1219, 1220, 1221, 1222, 1223, 1224, 1225, 1226, 1227, 1231, 1232, 1233, 1234, 1235, 1236, 1237 e 1238;
13º pavimento: kitinetes nº 1301, 1302, 1303, 1304, 1305, 1306, 1307, 1308, 1312, 1313, 1314, 1315, 1316, 1317, 1318, 1319, 1320, 1321, 1322, 1323, 1324, 1325, 1326, 1327, 1331, 1332, 1333, 1334, 1335, 1336, 1337 e 1338;
14º pavimento: kitinetes nº 1401, 1402, 1403, 1404, 1405, 1406, 1407, 1408, 1412, 1413, 1414, 1415, 1416, 1417, 1418, 1419, 1420, 1421, 1422, 1423, 1424, 1425, 1426, 1427, 1431, 1432, 1433, 1434, 1435, 1436, 1437 e 1438;
15º pavimento: kitinetes nº 1501, 1502, 1503, 1504, 1505, 1506, 1507, 1508, 1509, 1510, 1511, 1512, 1513, 1514, 1515, 1516, 1517, 1518, 1519, 1520, 1521, 1522, 1523, 1524, 1525, 1526, 1527, 1528, 1529, 1530, 1531, 1532, 1533, 1534, 1535, 1536, 1537 e 1538;
16º pavimento: kitinetes nº 1601, 1602, 1603, 1604, 1605, 1606, 1607, 1608, 1609, 1610, 1611, 1612, 1613, 1614, 1615, 1616, 1617, 1618, 1619, 1620, 1621, 1622, 1623, 1624, 1625, 1626, 1627, 1628, 1629, 1630, 1631, 1632, 1633, 1634, 1635, 1636, 1637 e 1638;
17º pavimento: kitinetes nº 1701, 1702, 1703, 1704, 1705, 1706, 1707, 1708, 1712, 1713, 1714, 1715, 1716, 1717, 1718, 1719, 1720, 1721, 1722, 1723, 1724, 1725, 1726, 1727, 1731, 1732, 1733, 1734, 1735, 1736, 1737 e 1738;
18º pavimento: kitinetes nº 1807, 1808, 1812, 1813, 1826, 1827, 1831 e 1832;
19º pavimento: kitinetes nº 1907, 1908, 1912, 1913, 1926, 1927, 1931 e 1932;
20º pavimento: kitinetes nº 2007, 2008, 2012, 2013, 2026, 2027, 2031 e 2032;
21º pavimento: kitinetes nº 2107, 2108, 2112, 2113, 2126, 2127, 2131 e 2132;
22º pavimento: kitinetes nº 2207, 2208, 2212, 2213, 2226, 2227, 2231 e 2232;
23º pavimento: kitinetes nº 2307, 2308, 2312, 2313, 2326, 2327, 2331 e 2332;
24º pavimento: kitinetes nº 2407, 2408, 2412, 2413, 2426, 2427, 2431 e 2432;
25º pavimento: kitinetes nº 2507, 2508, 2512, 2513, 2526, 2527, 2531 e 2532;
